   2.6352741e+00
   1.3985879e+00
   2.5511847e+00
   9.0015955e-01
   2.0859906e+00
  -4.5633216e-03
   1.5069121e+00
   2.4620480e+00
   1.6789953e+00
   3.2365557e+00
   1.3687203e+00
  -3.2521113e-01
   7.6836347e-01
   3.0556484e+00
   1.8867760e+00
   2.3792236e+00
   2.9441997e+00
  -1.2042669e-01
   1.3553211e+00
   1.2956983e+00
   9.8186278e-01
   1.8179181e+00
   3.5210132e+00
   1.9615612e+00
   3.2274480e+00
   1.3037952e+00
   2.0075245e+00
   1.2171070e+00
   2.5869386e+00
   1.7487926e+00
   2.4801358e+00
   2.6681550e+00
   1.9216788e+00
   2.8891726e+00
   4.3092875e+00
   2.5246387e+00
   1.9882127e+00
   2.9131408e+00
   2.0559407e+00
   8.9293011e-01
   2.4854977e+00
   1.9949949e+00
   1.7237821e+00
   3.2764525e+00
   3.8634006e+00
   1.4774407e+00
   2.1034244e+00
   1.1923509e+00
   2.6804386e+00
  -3.6458985e-01
  -1.0098851e+00
  -1.7811009e+00
  -1.7383375e+00
  -7.8655551e-01
  -2.2746670e+00
  -2.1331345e+00
  -3.2705002e+00
  -3.6636065e+00
  -2.7035543e+00
  -1.7191195e+00
  -2.5412093e+00
  -3.3335307e+00
  -9.2731373e-01
  -2.7120855e+00
  -2.0112856e+00
  -2.0008170e+00
  -2.2494363e+00
  -1.6034247e+00
  -2.2640134e+00
  -3.6640109e+00
  -3.0289751e+00
  -1.7569053e+00
  -3.2565901e+00
  -2.3471832e+00
  -2.9413722e+00
  -3.1745603e+00
  -3.0211417e+00
  -2.4016667e+00
  -1.8263343e+00
  -2.1161185e+00
  -9.3588085e-01
  -2.2453863e+00
  -3.5175391e+00
  -1.9902658e+00
  -1.9286271e+00
  -1.6834642e+00
  -1.5001743e+00
  -7.2191585e-01
  -2.5478161e+00
  -1.7391916e+00
  -2.0131767e+00
  -2.5802640e+00
   1.3630842e-01
  -2.2576171e+00
  -3.4095285e+00
  -2.2989911e-01
  -1.6744540e+00
  -3.1190396e+00
  -1.3796499e+00
  -7.3021815e-01
