1.01805587019771
-0.0556879639625549
-0.4572161026299
2.94837746024132
-0.726737137651071
0.674776734318584
-0.558632861822844
-0.779029045486823
0.158734825206921
0.813126545399427
-0.44419277831912
0.991946753114462
-0.351802460849285
0.537068747915328
1.23780106846243
0.579832977091428
-0.568968750536442
-0.536284847417846
-0.64009452983737
-0.367852469906211
-1.66626478731632
1.16692502051592
1.72197700291872
0.142346233129501
-1.17504785954952
0.419947465881705
0.600437309592962
1.98599777370691
0.103673446923494
-0.912159757688642
0.609152110293508
-0.0709335692226887
-0.96755700558424
-0.455472812987864
-0.215284386649728
0.961250052787364
1.23571870056912
2.37460908293724
0.454018348827958
0.31364943087101
0.0778578296303749
-1.04297558218241
-0.115863040089607
-1.42337830271572
-1.60734587907791
-0.0488436315208673
-0.746282927691936
1.2786237038672
0.245893233455718
-2.01109746098518
0.850834405049682
1.36359929293394
1.13604398444295
1.75829574465752
-0.872431725263596
-0.0321579426527023
-0.516769960522652
0.285437022801489
-1.01954422332346
0.193579223006964
-0.261543309316039
0.218409910798073
-2.03396235406399
-0.780375240370631
-1.01049900794169
-0.419340940192342
-1.44037084281445
-0.570218551903963
-0.593839066103101
0.0887633878737688
-1.30202014744282
-0.557788701727986
-0.667995166033506
0.60027209110558
-0.95839536562562
0.639607738703489
-0.638676395639777
0.193370491266251
0.22517067193985
-1.50306936353445
1.94556587934494
0.0178184397518635
0.0834610811434686
-1.02758681587875
1.77972257137299
0.494261042680591
1.81494010984898
0.701109064742923
0.227264072746038
0.332536359317601
0.72290200740099
0.532426435500383
-0.932369582355022
0.658499550074339
1.01151067111641
0.112631861120462
0.574223909527063
0.314370110630989
0.770164914429188
0.275975424796343
