1.03958803373753
0.714197165824056
0.704392785434478
1.27335600526958
0.550411352842361
0.885491379472046
0.667300064488333
0.591076006856068
0.859039211445446
0.831918608007946
0.652855532637362
0.982769285331012
0.697340126863069
0.833230175498489
1.03897374122252
0.870553145204564
0.719078035190592
0.66604956085908
0.673246518023187
0.690129020848309
0.417121632798647
1.03937022113029
1.08629183614218
0.720895832336131
0.490174926447895
0.90524758926858
0.874560718729153
1.06888831193751
0.722589032669479
0.578370989757495
0.786468055292642
0.864230614263848
0.560645687583659
0.710989082674429
0.689787513709045
0.958974608746938
1.03420936491913
1.24826093035528
0.815189821586438
0.807241909748895
0.879881893627798
0.587952532806844
0.701344550560041
0.521598289274573
0.436067546460638
0.717735121928385
0.63227122307045
1.08830394487367
0.784318014277741
0.395751373560666
0.832055485968397
1.06039132711491
1.03619527628164
1.13294808470099
0.530471203258841
0.808595167528979
0.630384323370611
0.76475484638565
0.51811208889192
0.737523240743728
0.791420082624421
0.820224058601255
0.365607154019648
0.636827822307618
0.615038152884649
0.731053050289277
0.457520213308915
0.600228309569913
0.614597696599017
0.8064728811992
0.544967652502504
0.668378601907727
0.616257211936809
0.845421018903511
0.592444775614238
0.879827648136328
0.601237746271686
0.836770499838367
0.729552028068262
0.49761261325994
1.15718145295646
0.814911706647098
0.719900003285565
0.625307236355282
1.07745300477918
0.882424778510787
1.10248019981944
0.899739423898429
0.733297711820411
0.79896417136652
0.864167928588692
0.872374369963824
0.617115769338996
0.920021132689665
0.888652405313695
0.684922107363838
0.866035869001912
0.826684843930015
0.933969458812293
0.849051028996281
